# Auto generated file Fri Apr 29 21:25:35 2016 
# 
# Number of fleets (res+con+sur)
 3 
# Fleet types (res=0, con=1, sur=2)
 0 2 2 
# Sample times (only relevent for sur)
 0 0.125 0.625 
# Number of years
 54 
# Years
 1963 1964 1965 1966 1967 1968 1969 1970 1971 1972 1973 1974 1975 1976 1977 1978 1979 1980 1981 1982 1983 1984 1985 1986 1987 1988 1989 1990 1991 1992 1993 1994 1995 1996 1997 1998 1999 2000 2001 2002 2003 2004 2005 2006 2007 2008 2009 2010 2011 2012 2013 2014 2015 2016 
# Number of observations 
 584 
# Index1 (index of first obs in each year) 
 1 7 13 19 25 31 37 43 49 55 61 67 73 79 85 91 97 103 109 115 121 132 143 154 165 176 187 198 209 220 235 250 265 280 295 310 325 340 355 370 385 400 415 430 445 460 475 490 505 520 535 550 565 580 
# Index2 (index of last obs in each year) 
 6 12 18 24 30 36 42 48 54 60 66 72 78 84 90 96 102 108 114 120 131 142 153 164 175 186 197 208 219 234 249 264 279 294 309 324 339 354 369 384 399 414 429 444 459 474 489 504 519 534 549 564 579 584 
# The observation matrix 
1963 1 1 19347.25522
1963 1 2 62279.70774
1963 1 3 7027.909322
1963 1 4 3518.647989
1963 1 5 2774.357966
1963 1 6 1795.8880769
1964 1 1 13052.40755
1964 1 2 28540.95295
1964 1 3 20118.48934
1964 1 4 4284.771889
1964 1 5 1907.661325
1964 1 6 2630.382136937
1965 1 1 113654.631
1965 1 2 58226.78547
1965 1 3 17646.35406
1965 1 4 9135.490313
1965 1 5 2375.093736
1965 1 6 2030.462950741
1966 1 1 126507.5318
1966 1 2 84326.89232
1966 1 3 29765.84297
1966 1 4 6153.320487
1966 1 5 3361.895602
1966 1 6 2378.15827923
1967 1 1 60962.25756
1967 1 2 95275.43115
1967 1 3 32688.92283
1967 1 4 11204.50383
1967 1 5 3254.6137
1967 1 6 3394.489209292
1968 1 1 36914.75797
1968 1 2 106372.6849
1968 1 3 42569.23647
1968 1 4 12330.08971
1968 1 5 6045.574924
1968 1 6 2865.252521314
1969 1 1 5434.237328
1969 1 2 32839.54613
1969 1 3 31532.0189
1969 1 4 13641.36303
1969 1 5 4542.291039
1969 1 6 4155.674019745
1970 1 1 107177.436
1970 1 2 42403.37801
1970 1 3 18546.81341
1970 1 4 13271.74229
1970 1 5 6265.503669
1970 1 6 3240.54664934
1971 1 1 303519.3161
1971 1 2 191789.3786
1971 1 3 17179.31068
1971 1 4 6720.109771
1971 1 5 7065.251977
1971 1 6 4426.97267078
1972 1 1 42062.34309
1972 1 2 246085.7061
1972 1 3 48061.65237
1972 1 4 5653.371083
1972 1 5 2712.742735
1972 1 6 5981.954805085
1973 1 1 111750.9804
1973 1 2 48982.56854
1973 1 3 54901.2644
1973 1 4 14001.72945
1973 1 5 2194.669741
1973 1 6 2942.9277513
1974 1 1 139634.8166
1974 1 2 74501.85388
1974 1 3 11417.98409
1974 1 4 15744.85863
1974 1 5 4600.550197
1974 1 6 2383.055578693
1975 1 1 169861.8137
1975 1 2 63121.01145
1975 1 3 18848.81321
1975 1 4 4639.872866
1975 1 5 7525.183221
1975 1 6 3083.977338794
1976 1 1 232476.0163
1976 1 2 182989.3274
1976 1 3 18672.20198
1976 1 4 6707.141181
1976 1 5 1732.035132
1976 1 6 4277.261768192
1977 1 1 547728.8452
1977 1 2 98934.88206
1977 1 3 25989.26138
1977 1 4 4597.347713
1977 1 5 2285.629931
1977 1 6 2726.9037568
1978 1 1 58501.20894
1978 1 2 253025.4702
1978 1 3 17177.97954
1978 1 4 9396.001656
1978 1 5 2989.062611
1978 1 6 2145.685591154
1979 1 1 615698.2582
1979 1 2 96412.93662
1979 1 3 44383.6424
1979 1 4 4010.797096
1979 1 5 3374.578443
1979 1 6 1458.267006042
1980 1 1 1248083.667
1980 1 2 122047.9043
1980 1 3 34937.96559
1980 1 4 12274.39446
1980 1 5 1958.058882
1980 1 6 2113.137360606
1981 1 1 175862.7759
1981 1 2 221933.0285
1981 1 3 34646.06648
1981 1 4 8953.284133
1981 1 5 4087.987337
1981 1 6 1632.9218573
1982 1 1 248166.4216
1982 1 2 73132.19431
1982 1 3 60005.22037
1982 1 4 9487.472564
1982 1 5 3446.7535
1982 1 6 2826.359190685
1983 1 1 80436.50858
1983 1 2 139525.7591
1983 1 3 21480.39045
1983 1 4 11786.78555
1983 1 5 2803.407532
1983 1 6 2153.298909902
1983 2 1 3741.7822
1983 2 2 14132.1286
1983 2 3 1724.2098
1983 2 4 941.8609
1983 2 5 384.664
1984 1 1 601879.3595
1984 1 2 78543.48164
1984 1 3 31091.86559
1984 1 4 4237.91994
1984 1 5 3414.979835
1984 1 6 1812.479380485
1984 2 1 11153.0972
1984 2 2 5497.3573
1984 2 3 2343.0733
1984 2 4 449.1431
1984 2 5 437.523
1985 1 1 72096.28555
1985 1 2 153956.7475
1985 1 3 19003.26796
1985 1 4 7779.001156
1985 1 5 1368.947848
1985 1 6 1924.620618598
1985 2 1 544.1801
1985 2 2 14312.2849
1985 2 3 1967.9193
1985 2 4 741.63
1985 2 5 240.0372
1986 1 1 663346.6829
1986 1 2 38069.24593
1986 1 3 34276.63505
1986 1 4 5791.013147
1986 1 5 2980.645037
1986 1 6 1461.235518956
1986 2 1 11081.9228
1986 2 2 2284.0942
1986 2 3 3338.4463
1986 2 4 883.1888
1986 2 5 449.1134
1987 1 1 49450.71967
1987 1 2 189722.1936
1987 1 3 9761.482822
1987 1 4 8688.926057
1987 1 5 1528.236936
1987 1 6 1634.080324116
1987 2 1 4343.5409
1987 2 2 13889.4538
1987 2 3 703.1625
1987 2 4 740.4694
1987 2 5 219.116
1988 1 1 36737.65635
1988 1 2 72108.89316
1988 1 3 43928.63526
1988 1 4 3116.683773
1988 1 5 2543.337776
1988 1 6 1114.464851707
1988 2 1 2537.0711
1988 2 2 3376.748
1988 2 3 3512.022
1988 2 4 184.4068
1988 2 5 358.8442
1989 1 1 198992.1133
1989 1 2 44768.29689
1989 1 3 18544.45841
1989 1 4 9791.406052
1989 1 5 994.3888215
1989 1 6 1483.643572623
1989 2 1 8362.1714
1989 2 2 3247.1494
1989 2 3 2622.3438
1989 2 4 1092.0663
1989 2 5 154.2583
1990 1 1 45503.55587
1990 1 2 102026.9603
1990 1 3 11873.01451
1990 1 4 4298.631776
1990 1 5 2444.600543
1990 1 6 748.393201375
1990 2 1 1770.0654
1990 2 2 7058.4729
1990 2 3 1148.2537
1990 2 4 427.25
1990 2 5 487.2451
1991 1 1 60760.84765
1991 1 2 31527.58586
1991 1 3 17002.15215
1991 1 4 3266.528977
1991 1 5 1371.764237
1991 1 6 1439.576606238
1991 2 1 1537.8647
1991 2 2 2119.9351
1991 2 3 1874.3666
1991 2 4 492.8602
1991 2 5 271.2603
1992 1 1 129572.0506
1992 1 2 41352.94905
1992 1 3 8524.800689
1992 1 4 4915.530191
1992 1 5 1040.803381
1992 1 6 920.991295257
1992 2 1 8175.9454
1992 2 2 2843.9141
1992 2 3 724.791
1992 2 4 490.8811
1992 2 5 164.1926
1992 3 1 16659.5523
1992 3 2 1668.0267
1992 3 3 379.0513
1992 3 4 328.8173
1993 1 1 38120.81698
1993 1 2 82709.17456
1993 1 3 11145.01604
1993 1 4 3126.055331
1993 1 5 1545.895415
1993 1 6 772.171975718
1993 2 1 2820.5127
1993 2 2 7559.8988
1993 2 3 931.6769
1993 2 4 324.3461
1993 2 5 248.6171
1993 3 1 4734.5465
1993 3 2 4283.3677
1993 3 3 441.0894
1993 3 4 134.8462
1994 1 1 336091.6135
1994 1 2 41772.88463
1994 1 3 21044.6992
1994 1 4 3045.390737
1994 1 5 859.2006654
1994 1 6 763.930157899
1994 2 1 6187.1008
1994 2 2 2041.7238
1994 2 3 1528.1116
1994 2 4 465.4815
1994 2 5 236.6963
1994 3 1 16986.9589
1994 3 2 2205.0852
1994 3 3 917.3176
1994 3 4 154.2302
1995 1 1 60241.90882
1995 1 2 106083.6807
1995 1 3 12782.56688
1995 1 4 5222.594954
1995 1 5 790.39549
1995 1 6 503.887187008
1995 2 1 6769.1817
1995 2 2 8786.293
1995 2 3 1633.258
1995 2 4 539.5444
1995 2 5 158.5215
1995 3 1 9089.0853
1995 3 2 6754.6243
1995 3 3 656.6673
1995 3 4 291.2504
1996 1 1 19124.32964
1996 1 2 59360.42637
1996 1 3 23809.37535
1996 1 4 3125.33983
1996 1 5 1834.237376
1996 1 6 693.075039442
1996 2 1 1639.532
1996 2 2 4144.5118
1996 2 3 2101.7394
1996 2 4 325.733
1996 2 5 234.1917
1996 3 1 4982.2085
1996 3 2 2881.259
1996 3 3 972.4102
1996 3 4 208.5951
1997 1 1 109552.0037
1997 1 2 42493.94755
1997 1 3 18430.27803
1997 1 4 6409.359328
1997 1 5 1221.441038
1997 1 6 926.923600946
1997 2 1 13784.828
1997 2 2 2498.5908
1997 2 3 1156.4205
1997 2 4 506.5892
1997 2 5 169.8031
1997 3 1 29172.4659
1997 3 2 1940.7794
1997 3 3 710.9211
1997 3 4 251.7204
1998 1 1 16700.8306
1998 1 2 171206.4843
1998 1 3 18293.43688
1998 1 4 5909.243783
1998 1 5 2378.512368
1998 1 6 810.465463326
1998 2 1 1578.9563
1998 2 2 9421.2216
1998 2 3 904.9291
1998 2 4 449.3988
1998 2 5 223.8855
1998 3 1 845.7766
1998 3 2 8731.5117
1998 3 3 705.1707
1998 3 4 189.6698
1999 1 1 36792.61273
1999 1 2 15179.5251
1999 1 3 39903.72856
1999 1 4 3958.970234
1999 1 5 1418.555215
1999 1 6 947.333841996
1999 2 1 1305.4656
1999 2 2 859.7109
1999 2 3 4033.2305
1999 2 4 362.0383
1999 2 5 212.5787
1999 3 1 3261.6219
1999 3 2 461.1564
1999 3 3 2348.4777
1999 3 4 152.8487
2000 1 1 45117.69596
2000 1 2 27965.39735
2000 1 3 6309.983342
2000 1 4 6529.268213
2000 1 5 995.5802238
2000 1 6 573.387379282
2000 2 1 3481.6615
2000 2 2 2042.7297
2000 2 3 418.8812
2000 2 4 958.7927
2000 2 5 194.8744
2000 3 1 6320.2583
2000 3 2 915.8061
2000 3 3 111.7265
2000 3 4 334.7658
2001 1 1 7623.652262
2001 1 2 53402.72774
2001 1 3 6797.216949
2001 1 4 1113.800282
2001 1 5 1052.66189
2001 1 6 269.612188581
2001 2 1 920.8996
2001 2 2 3624.0132
2001 2 3 812.002
2001 2 4 162.6663
2001 2 5 162.1839
2001 3 1 1380.1031
2001 3 2 2145.5914
2001 3 3 362.0005
2001 3 4 74.1747
2002 1 1 30692.45464
2002 1 2 21265.31185
2002 1 3 17012.23963
2002 1 4 2804.693375
2002 1 5 395.069504
2002 1 6 502.898008
2002 2 1 2474.5739
2002 2 2 1411.1762
2002 2 3 1497.1301
2002 2 4 248.1044
2002 2 5 53.3464
2002 3 1 3817.1005
2002 3 2 830.2832
2002 3 3 742.2723
2002 3 4 204.5119
2003 1 1 6134.9127
2003 1 2 14974.65499
2003 1 3 4327.524618
2003 1 4 3127.017488
2003 1 5 397.350046
2003 1 6 151.79544
2003 2 1 364.5132
2003 2 2 2066.0304
2003 2 3 555.6872
2003 2 4 428.0051
2003 2 5 134.3348
2003 3 1 980.9766
2003 3 2 1205.4486
2003 3 3 263.9218
2003 3 4 176.2254
2004 1 1 21806.67907
2004 1 2 12452.13204
2004 1 3 7460.138116
2004 1 4 1649.618995
2004 1 5 944.481335
2004 1 6 210.866845
2004 2 1 2486.7931
2004 2 2 1139.1411
2004 2 3 1155.0921
2004 2 4 215.67
2004 2 5 183.7162
2004 3 1 3148.2014
2004 3 2 753.5636
2004 3 3 468.0632
2004 3 4 93.2565
2005 1 1 11222.1596
2005 1 2 16477.98662
2005 1 3 4830.605264
2005 1 4 1862.916604
2005 1 5 545.581723
2005 1 6 430.558979
2005 2 1 943.4926
2005 2 2 1458.1139
2005 2 3 476.5407
2005 2 4 403.3162
2005 2 5 69.4032
2005 3 1 1075.1741
2005 3 2 716.8075
2005 3 3 281.6155
2005 3 4 115.6125
2006 1 1 28176.69273
2006 1 2 39742.74732
2006 1 3 6374.892914
2006 1 4 1019.577134
2006 1 5 524.127984
2006 1 6 336.362287
2006 2 1 3493.3633
2006 2 2 857.2758
2006 2 3 747.851
2006 2 4 155.3424
2006 2 5 88.8159
2006 3 1 5461.7241
2006 3 2 682.0297
2006 3 3 581.0932
2006 3 4 115.3904
2007 1 1 16946.78751
2007 1 2 29380.71781
2007 1 3 4921.18052
2007 1 4 2042.91759
2007 1 5 450.516128
2007 1 6 249.815062
2007 2 1 1202.5336
2007 2 2 2644.7123
2007 2 3 701.8071
2007 2 4 232.0359
2007 2 5 87.0946
2007 3 1 1834.9959
2007 3 2 2275.0544
2007 3 3 425.9163
2007 3 4 167.7044
2008 1 1 11185.14067
2008 1 2 12598.54867
2008 1 3 11721.04881
2008 1 4 1368.806725
2008 1 5 719.532896
2008 1 6 335.122906
2008 2 1 1910.6205
2008 2 2 1051.9177
2008 2 3 1194.0218
2008 2 4 299.2992
2008 2 5 208.0392
2008 3 1 2455.7261
2008 3 2 1127.9693
2008 3 3 1084.0379
2008 3 4 219.9551
2009 1 1 10127.23255
2009 1 2 13887.27179
2009 1 3 5494.282116
2009 1 4 3538.549395
2009 1 5 646.352845
2009 1 6 356.542379
2009 2 1 961.1721
2009 2 2 1775.0951
2009 2 3 873.44
2009 2 4 398.2224
2009 2 5 130.538
2009 3 1 1917.5811
2009 3 2 922.3867
2009 3 3 291.6162
2009 3 4 234.3273
2010 1 1 10986.82622
2010 1 2 14187.83189
2010 1 3 5831.350792
2010 1 4 1646.316466
2010 1 5 1344.18232
2010 1 6 291.591619
2010 2 1 2508.875
2010 2 2 1583.7016
2010 2 3 1191.4654
2010 2 4 330.1166
2010 2 5 208.6167
2010 3 1 4570.253
2010 3 2 1661.5276
2010 3 3 540.6718
2010 3 4 179.2164
2011 1 1 5034.638365
2011 1 2 12391.057
2011 1 3 4970.243291
2011 1 4 1488.631935
2011 1 5 616.270572
2011 1 6 540.411666
2011 2 1 662.5383
2011 2 2 2898.1692
2011 2 3 628.036
2011 2 4 359.3347
2011 2 5 237.3129
2011 3 1 1205.3353
2011 3 2 2767.1863
2011 3 3 864.6149
2011 3 4 358.7056
2012 1 1 11814.78428
2012 1 2 7419.699775
2012 1 3 6789.359918
2012 1 4 2077.416169
2012 1 5 638.136986
2012 1 6 413.182812
2012 2 1 1343.4717
2012 2 2 1542.9228
2012 2 3 1963.4714
2012 2 4 442.2318
2012 2 5 250.254
2012 3 1 2064.4749
2012 3 2 974.0124
2012 3 3 1239.3197
2012 3 4 364.1493
2013 1 1 6870.781286
2013 1 2 8743.12298
2013 1 3 3918.796282
2013 1 4 2988.534888
2013 1 5 948.684474
2013 1 6 373.756229
2013 2 1 1404.7233
2013 2 2 1367.1043
2013 2 3 804.7657
2013 2 4 591.3908
2013 2 5 401.6727
2013 3 1 3098.6694
2013 3 2 1073.4358
2013 3 3 501.2044
2013 3 4 527.5542
2014 1 1 9995.458466
2014 1 2 10710.66622
2014 1 3 5809.676364
2014 1 4 1768.498324
2014 1 5 1344.698843
2014 1 6 447.214734
2014 2 1 2357.5571
2014 2 2 1723.2287
2014 2 3 790.6225
2014 2 4 302.2152
2014 2 5 370.8256
2014 3 1 3391.8947
2014 3 2 1481.1059
2014 3 3 597.7459
2014 3 4 291.7339
2015 1 1 4976.719918
2015 1 2 15418.43099
2015 1 3 6852.584137
2015 1 4 2118.241254
2015 1 5 798.879123
2015 1 6 844.290923
2015 2 1 1510.2513
2015 2 2 3623.2862
2015 2 3 1278.4217
2015 2 4 465.3101
2015 2 5 205.9785
2015 3 1 1834.0232
2015 3 2 3110.3852
2015 3 3 1085.6752
2015 3 4 466.091
2016 2 1 878.7259
2016 2 2 1107.1858
2016 2 3 2015.7902
2016 2 4 665.8811
2016 2 5 369.4089
# Proportion mature
0.01 0.05 0.23 0.62 0.86 1
0.01 0.05 0.23 0.62 0.86 1
0.01 0.05 0.23 0.62 0.86 1
0.01 0.05 0.23 0.62 0.86 1
0.01 0.05 0.23 0.62 0.86 1
0.01 0.05 0.23 0.62 0.86 1
0.01 0.05 0.23 0.62 0.86 1
0.01 0.05 0.23 0.62 0.86 1
0.01 0.05 0.23 0.62 0.86 1
0.01 0.05 0.23 0.62 0.86 1
0.00787187666910866 0.0300263874315491 0.227575531380726 0.628429937609915 0.858661420218219 1
0.00719310425410766 0.0352248938051231 0.223362172783517 0.615718067748934 0.845463857464715 1
0.00651574611419305 0.0404229668660891 0.219537377111872 0.603250240507448 0.832550767652667 1
0.00584261665034882 0.0456227680131246 0.216558566275986 0.591293028101146 0.820301660458583 1
0.00517832068124062 0.050831800084613 0.214827589135035 0.580046213378894 0.809128420036019 1
0.00452925299225574 0.0560649681847743 0.214606759121153 0.569602120031163 0.799401418291021 1
0.00390348715278409 0.0613454639368801 0.216055510132518 0.560009704836046 0.791416592645382 1
0.00331058307968706 0.0667042961900201 0.21935809525193 0.551418597285299 0.785400265443125 1
0.00276129011770957 0.072178532061211 0.224870873621667 0.544240804723238 0.781536952243696 1
0.00226710895716847 0.0778085556269879 0.233202323492698 0.539251740830135 0.779998966016349 1
0.00183971256866648 0.0836348367699172 0.245159004919412 0.537565996431486 0.780957918874597 1
0.00149029798618566 0.0896947868796551 0.261541017993902 0.540463686863183 0.784566870718963 1
0.00122901100222447 0.0960202441038643 0.282833358706247 0.549096705068064 0.790914702799695 1
0.00106461357953957 0.10263598835667 0.308891285925699 0.564151736486091 0.799966571782205 1
0.00100452235978855 0.109559467465093 0.338737560380771 0.585570884911558 0.81151151130206 1
0.00105523814924521 0.116801666667392 0.370567212916134 0.612421598349274 0.825137764184513 1
0.00122304434853496 0.12436882384736 0.401996336372347 0.642967216458178 0.840248455974431 1
0.00151473133160507 0.132264526287631 0.430513966168917 0.674930847788928 0.856117689140375 1
0.00193805780569322 0.140491652294733 0.45402649009871 0.705887877346021 0.871974581561367 1
0.00250171975281718 0.149053656513602 0.471346519573732 0.7336852860786 0.887094633511968 1
0.00321475396276802 0.157954836109333 0.482486645274356 0.756781141544143 0.900876795618235 1
0.00408550726787072 0.167199433337958 0.488671380094612 0.774425891083786 0.91289074485645 1
0.00512047999163898 0.176789690358387 0.492061150267242 0.786657950587875 0.92288954628859 1
0.00632343016470534 0.18672322620236 0.495264346769203 0.794141664286221 0.930793899991068 1
0.00769506182611651 0.196990302068907 0.500770756718512 0.797917273921484 0.936661421400506 1
0.00923342483450127 0.207571633600792 0.510454460206474 0.799147126200245 0.940655403554755 1
0.0109348862125241 0.218437367097424 0.525263467058586 0.798927203460215 0.943022366614206 1
0.0127952897053784 0.229547654803331 0.545149295521423 0.798196201199208 0.944079018234622 1
0.0148107979225422 0.240854966607511 0.569215305373301 0.79773122854382 0.944201067491258 1
0.0169779719199688 0.252307915364943 0.596003117192611 0.79818661890009 0.94380249034833 1
0.0192928861980685 0.263856025794066 0.623810469378775 0.800122205356274 0.943296385756994 1
0.0217494346317434 0.275454624098808 0.650947075642936 0.803982340360855 0.943036848641547 1
0.0243373369531302 0.287068935637051 0.675878813550951 0.810019485531804 0.943252132229648 1
0.0270405765520775 0.298676587488031 0.697265750107559 0.818191982831113 0.943988203829361 1
0.0298369925962693 0.31026801268316 0.71394394486679 0.828089026261106 0.945084416111702 1
0.0326994871860749 0.321844686172549 0.724917879365285 0.838936176540344 0.946197296876826 1
0.035598850798854 0.333415594409399 0.729414417897091 0.849710438108213 0.946875342313888 0.992867634116504
0.0385076869229252 0.344992739497703 0.727008157456143 0.85935324852524 0.946671046091154 0.979563381243821
0.0414044912076925 0.356586705723185 0.717779321410804 0.867027791250292 0.945261745538049 1
0.0442767518854291 0.368203310843531 0.702429128415052 0.872339945522807 0.942543471506728 1
0.0471220564910083 0.37984212510735 0.682268695896851 0.875440825647848 0.938664857822244 1
0.049946585862771 0.391497229529236 0.659019713072736 0.876954475770643 0.933980788432523 1
0.0527609233530379 0.4031601160787 0.63440915709978 0.877717467732776 0.928923690131356 1
0.0527609233530379 0.4031601160787 0.63440915709978 0.877717467732776 0.928923690131356 1
# Stock mean weights
0.314 0.809 2.647 4.491 6.794 10.239336232581
0.357 0.761 2.366 4.528 6.447 9.25926831293355
0.312 0.9 2.295 4.512 7.274 10.9385061855732
0.313 0.836 2.437 4.169 7.027 10.9651797316901
0.326 0.868 2.395 3.153 6.803 10.8021609155644
0.327 0.848 2.215 4.094 5.341 8.7636143268865
0.417 0.755 2.127 3.852 5.715 7.66418933169249
0.449 0.845 2.028 4.001 6.131 9.122673985243
0.314 0.834 2.188 4.258 6.528 9.69429797287575
0.3 0.729 2.08 3.968 6.011 9.20581524168432
0.335 0.7 1.913 3.776 5.488 8.89503308857841
0.304 0.901 2.206 4.156 6.174 10.1179424314429
0.304 0.76 2.348 4.226 6.404 9.55453429282196
0.198 0.722 2.449 4.577 6.494 9.23619303667717
0.294 0.673 2.128 4.606 6.714 10.1726994807804
0.432 0.743 2.001 4.146 6.53 9.76065418273911
0.291 0.905 2.411 4.423 6.579 10.0903797654201
0.257 0.917 1.948 4.401 6.109 9.80852868233499
0.33 0.769 2.186 4.615 7.045 9.91911965637756
0.358 0.908 1.856 4.13 6.785 9.61992568095232
0.403 0.882 1.834 3.88 6.491 9.39452915246403
0.305 0.921 2.156 3.972 6.19 9.57681977466864
0.314 0.8 2.132 4.164 6.324 9.49488830608809
0.293 0.782 1.822 3.504 6.23 9.75063931473876
0.437 0.773 1.955 3.65 6.052 9.50248892129588
0.466 0.753 1.975 3.187 5.992 9.34791409178951
0.364 0.932 1.81 3.585 5.273 8.82080023583089
0.382 0.69 2.165 3.791 5.931 9.76942264901934
0.393 0.889 1.995 3.971 6.082 8.70889456554351
0.395 0.97 2.546 4.223 6.247 9.47568128519856
0.326 0.846 2.477 4.551 6.54 9.11822327227784
0.305 0.788 2.188 4.471 7.167 9.06924977760143
0.42 0.768 2.206 4.293 7.22 9.83572548838935
0.433 0.831 2.095 4.034 6.637 9.38710039251138
0.386 0.797 2.117 3.821 6.228 8.98765022461277
0.372 0.634 1.622 3.495 5.387 8.528255621709
0.318 0.732 1.405 3.305 5.726 8.07548925648918
0.354 0.903 1.747 3.216 4.903 8.36223434768782
0.372 0.606 2.093 3.663 5.871 8.53858329944173
0.298 0.572 1.576 3.726 5.537 8.50505571425528
0.285 0.781 1.645 3.298 5.757 8.3939653667462
0.269 0.496 1.712 3.075 5.175 8.0486620040149
0.342 0.86 1.529 3.533 5.124 7.73820254916342
0.25 0.236 1.804 3.828 5.665 8.2680057399687
0.313 0.893 2.001 4.026 6.117 9.09437205340325
0.424 0.904 1.966 3.89 6.207 8.44149219486954
0.406 1.133 2.355 4.023 6.154 8.49255955404393
0.335 0.965 2.426 4.18 6.033 8.90291647847396
0.405 0.915 2.438 4.569 6.472 8.14648266104973
0.274 0.8 2.252 4.154 6.392 8.69515844437159
0.388 0.932 2.249 4.06 5.999 8.84279614989373
0.398 0.927 2.237 4.083 5.598 7.91709764920223
0.36 0.941 2.097 4.031 5.802 7.27800496989117
0.382 0.933 2.195 4.058 5.8 7.93047651303957
# Catch mean weights
0.314 0.809 2.647 4.491 6.794 10.239336232581
0.357 0.761 2.366 4.528 6.447 9.25926831293355
0.312 0.9 2.295 4.512 7.274 10.9385061855732
0.313 0.836 2.437 4.169 7.027 10.9651797316901
0.326 0.868 2.395 3.153 6.803 10.8021609155644
0.327 0.848 2.215 4.094 5.341 8.7636143268865
0.417 0.755 2.127 3.852 5.715 7.66418933169249
0.449 0.845 2.028 4.001 6.131 9.122673985243
0.314 0.834 2.188 4.258 6.528 9.69429797287575
0.3 0.729 2.08 3.968 6.011 9.20581524168432
0.335 0.7 1.913 3.776 5.488 8.89503308857841
0.304 0.901 2.206 4.156 6.174 10.1179424314429
0.304 0.76 2.348 4.226 6.404 9.55453429282196
0.198 0.722 2.449 4.577 6.494 9.23619303667717
0.294 0.673 2.128 4.606 6.714 10.1726994807804
0.432 0.743 2.001 4.146 6.53 9.76065418273911
0.291 0.905 2.411 4.423 6.579 10.0903797654201
0.257 0.917 1.948 4.401 6.109 9.80852868233499
0.33 0.769 2.186 4.615 7.045 9.91911965637756
0.358 0.908 1.856 4.13 6.785 9.61992568095232
0.403 0.882 1.834 3.88 6.491 9.39452915246403
0.305 0.921 2.156 3.972 6.19 9.57681977466864
0.314 0.8 2.132 4.164 6.324 9.49488830608809
0.293 0.782 1.822 3.504 6.23 9.75063931473876
0.437 0.773 1.955 3.65 6.052 9.50248892129588
0.466 0.753 1.975 3.187 5.992 9.34791409178951
0.364 0.932 1.81 3.585 5.273 8.82080023583089
0.382 0.69 2.165 3.791 5.931 9.76942264901934
0.393 0.889 1.995 3.971 6.082 8.70889456554351
0.395 0.97 2.546 4.223 6.247 9.47568128519856
0.326 0.846 2.477 4.551 6.54 9.11822327227784
0.305 0.788 2.188 4.471 7.167 9.06924977760143
0.42 0.768 2.206 4.293 7.22 9.83572548838935
0.433 0.831 2.095 4.034 6.637 9.38710039251138
0.386 0.797 2.117 3.821 6.228 8.98765022461277
0.372 0.634 1.622 3.495 5.387 8.528255621709
0.318 0.732 1.405 3.305 5.726 8.07548925648918
0.354 0.903 1.747 3.216 4.903 8.36223434768782
0.372 0.606 2.093 3.663 5.871 8.53858329944173
0.298 0.572 1.576 3.726 5.537 8.50505571425528
0.285 0.781 1.645 3.298 5.757 8.3939653667462
0.269 0.496 1.712 3.075 5.175 8.0486620040149
0.342 0.86 1.529 3.533 5.124 7.73820254916342
0.25 0.236 1.804 3.828 5.665 8.2680057399687
0.313 0.893 2.001 4.026 6.117 9.09437205340325
0.424 0.904 1.966 3.89 6.207 8.44149219486954
0.406 1.133 2.355 4.023 6.154 8.49255955404393
0.335 0.965 2.426 4.18 6.033 8.90291647847396
0.405 0.915 2.438 4.569 6.472 8.14648266104973
0.274 0.8 2.252 4.154 6.392 8.69515844437159
0.388 0.932 2.249 4.06 5.999 8.84279614989373
0.398 0.927 2.237 4.083 5.598 7.91709764920223
0.36 0.941 2.097 4.031 5.802 7.27800496989117
# Natural Mortality
1.207730002 0.766584739 0.211439738 0.2 0.2 0.2
1.207730002 0.766584739 0.211439738 0.2 0.2 0.2
1.207730002 0.766584739 0.211439738 0.2 0.2 0.2
1.207730002 0.766584739 0.211439738 0.2 0.2 0.2
1.207730002 0.766584739 0.211439738 0.2 0.2 0.2
1.207730002 0.766584739 0.211439738 0.2 0.2 0.2
1.207730002 0.766584739 0.211439738 0.2 0.2 0.2
1.207730002 0.766584739 0.211439738 0.2 0.2 0.2
1.207730002 0.766584739 0.211439738 0.2 0.2 0.2
1.207730002 0.766584739 0.211439738 0.2 0.2 0.2
1.207730002 0.766584739 0.211439738 0.2 0.2 0.2
1.207730002 0.766584739 0.211439738 0.2 0.2 0.2
1.233236947 0.746487917 0.211344851 0.2 0.2 0.2
1.259720694 0.728545288 0.21126763 0.2 0.2 0.2
1.286299933 0.714533943 0.211205023 0.2 0.2 0.2
1.311146884 0.705450048 0.211147633 0.2 0.2 0.2
1.332207108 0.701423678 0.211091449 0.2 0.2 0.2
1.348733722 0.701955933 0.211067382 0.2 0.2 0.2
1.359575331 0.705590448 0.211134628 0.2 0.2 0.2
1.362402431 0.71040634 0.211323948 0.2 0.2 0.2
1.356830745 0.714575172 0.211637524 0.2 0.2 0.2
1.343619115 0.716974822 0.212080988 0.2 0.2 0.2
1.324538683 0.717835745 0.212646027 0.2 0.2 0.2
1.300664432 0.71772829 0.213307643 0.2 0.2 0.2
1.27440538 0.717645745 0.214036848 0.2 0.2 0.2
1.247308179 0.718303164 0.214784226 0.2 0.2 0.2
1.220452461 0.719766004 0.215475136 0.2 0.2 0.2
1.19563785 0.721576774 0.216032776 0.2 0.2 0.2
1.174032025 0.723273159 0.216406797 0.2 0.2 0.2
1.156787366 0.724891713 0.216652708 0.2 0.2 0.2
1.144311855 0.726884134 0.216879524 0.2 0.2 0.2
1.135552989 0.729939557 0.217206172 0.2 0.2 0.2
1.128863144 0.734461223 0.217749982 0.2 0.2 0.2
1.122499213 0.74041821 0.218614361 0.2 0.2 0.2
1.115065432 0.747675659 0.219886674 0.2 0.2 0.2
1.106378073 0.756297617 0.221644986 0.2 0.2 0.2
1.09661138 0.766563691 0.223869502 0.2 0.2 0.2
1.088029242 0.779149068 0.226475017 0.2 0.2 0.2
1.083718316 0.794902964 0.229363756 0.2 0.2 0.2
1.084812471 0.813898355 0.232342008 0.2 0.2 0.2
1.090784365 0.834606477 0.235085999 0.2 0.2 0.2
1.100301867 0.854441336 0.237215391 0.2 0.2 0.2
1.112107532 0.871156658 0.23844204 0.2 0.2 0.2
1.125585306 0.88380487 0.238676341 0.2 0.2 0.2
1.1409167 0.892974752 0.238098661 0.2 0.2 0.2
1.158638853 0.900201231 0.237024769 0.2 0.2 0.2
1.180203572 0.907368465 0.23578067 0.2 0.2 0.2
1.207778608 0.916417605 0.234652978 0.2 0.2 0.2
1.242442919 0.928853073 0.233803121 0.2 0.2 0.2
1.282703792 0.944670999 0.233210038 0.2 0.2 0.2
1.325534084 0.962372236 0.232742678 0.2 0.2 0.2
1.325534084 0.962372236 0.232742678 0.2 0.2 0.2
1.325534084 0.962372236 0.232742678 0.2 0.2 0.2
1.325534084 0.962372236 0.232742678 0.2 0.2 0.2
# Landing Fraction L/(L+D)
0.165280326053403 0.680434179571184 0.995342723774546 1 1 1
0.383340676793378 0.783897628407674 0.994278179238283 1 1 1
0.138437089466244 0.886671301760255 0.994929450599497 1 1 1
0.143333920138975 0.737630269759715 0.997625114797815 1 1 1
0.176317318127875 0.740368893098418 0.995116150176307 1 1 1
0.157120094941801 0.784182926833315 0.995379598359989 1 1 1
0.539518672637552 0.686997849504079 0.996423817632559 1 1 1
0.505882707158622 0.795862557979258 0.991815285642646 1 1 1
0.146939068995879 0.805910239807201 0.997254655854446 1 1 1
0.0906461019026413 0.758857707583041 0.996314636903525 1 1 1
0.231189165119844 0.645039058010983 0.995517158435426 1 1 1
0.110887220873823 0.786877985538794 0.993790898687441 1 1 1
0.19551435261756 0.743121208334186 1 1 1 1
0.0244973694647743 0.545274436917789 0.989742134312538 1 1 1
0.137166243020425 0.514746206794033 0.982132046647645 1 1 1
0.505857290750204 0.691281643550523 1 1 1 1
0.0562399079237804 0.945342885252321 1 1 1 1
0.0499920532811524 0.855042572000968 1 1 1 1
0.114469240446011 0.845418963405891 0.997711294583881 1 1 1
0.266838063236191 0.885449101465639 0.998368523115216 1 1 1
0.31686603334667 0.920232543640753 0.998848490205168 1 1 1
0.106929180863528 0.840626737462768 0.999843836003152 1 1 1
0.121989942698234 0.762443326493371 0.993960407744521 1 1 1
0.150510355209014 0.848669717792858 0.991149679962532 1 1 1
0.501839578991106 0.673478799056011 1 1 1 1
0.581462399955189 0.763083039118444 0.995072130315027 1 1 1
0.11091771550124 0.806011027371919 0.97364572428082 1 1 1
0.255551619596976 0.527143330859383 0.993430143630811 1 1 1
0.218691163042061 0.734121583960695 0.973646938573009 1 1 1
0.209625555158112 0.76106741751227 0.999774523174192 1 1 1
0.122980731327443 0.654954822825643 0.998972084924877 1 1 1
0.0457202891794264 0.597732388394074 0.992417328540386 1 1 1
0.25705725122805 0.590569197605151 0.997663423921002 1 1 1
0.254680497444092 0.611567138917099 0.96791983709056 1 1 1
0.213985401802377 0.677575462626089 0.997814502855875 1 1 1
0.0744406783576381 0.472806428920987 0.918016219705567 1 1 1
0.158469802370026 0.629095453783333 0.792502479121715 1 1 1
0.179238614537621 0.80301156421795 1 1 1 1
0.283856594402469 0.380292399648123 0.889179404504542 1 1 1
0.144176629302009 0.377567278469043 0.813017769606858 0.993823909182229 1 1
0.0714647313563239 0.593852400067883 0.820875993454603 0.982544093786021 1 1
0.0674326852924149 0.281965310737261 0.730980042890134 0.925800691328727 0.993668220028933 0.997927839248508
0.0899148809111572 0.496107592057263 0.628420540925407 0.920202092954237 0.878852085373102 0.968036497503865
0.0456522157275908 0.11073689620811 0.691794701416062 0.950409603830915 0.992667201299445 0.99471371473937
0.0458048680637526 0.215584622709393 0.460123590833039 0.764503529484026 0.884337632414349 0.895095348574299
0.0302423990882182 0.259374696291902 0.352331251831038 0.83706169400943 0.981012873662971 0.966203417321763
0.0512258850025124 0.347991766495124 0.516706528362039 0.816286255345603 0.92257097127808 0.919840454646206
0.101936342723003 0.355044877966904 0.785014206704922 0.960675505386095 0.977991718415103 0.999477683890496
0.218311638357366 0.366427254268946 0.813944505961207 0.94564000536506 0.990098649396486 0.98900412523663
0.0563237475377756 0.300488795316519 0.790486741286353 0.944726958077315 0.992421472025444 0.994672844716493
0.0993556568873731 0.307435523685153 0.781557668631064 0.867173057074246 0.912193341112906 0.850939955839505
0.224069248411001 0.392744413148186 0.753210322198939 0.907582105234723 0.956640072010533 0.98838255852277
0.141843101205439 0.417042654870034 0.713962943203188 0.915425389500983 0.931915314302186 0.898654273463035
# Discard mean weights
0.27 0.393 0.505 0 0 0
0.27 0.393 0.508 0 0 0
0.269 0.392 0.506 0 0 0
0.269 0.392 0.509 0 0 0
0.269 0.392 0.506 0 0 0
0.269 0.392 0.505 0 0 0
0.268 0.392 0.504 0 0 0
0.268 0.392 0.505 0 0 0
0.268 0.392 0.508 0 0 0
0.268 0.392 0.507 0 0 0
0.268 0.392 0.507 0 0 0
0.268 0.392 0.508 0 0 0
0.227 0.359 0 0 0 0
0.189 0.354 0.412 0 0 0
0.255 0.382 0.376 0 0 0
0.287 0.309 0 0 0 0
0.276 0.361 0 0 0 0
0.242 0.411 0 0 0 0
0.279 0.396 0.517 0 0 0
0.274 0.489 0.593 0 0 0
0.297 0.458 0.534 0 0 0
0.27 0.469 0.509 0 0 0
0.276 0.376 0.652 0 0 0
0.242 0.365 0.437 0 0 0
0.237 0.353 0 0 0 0
0.3 0.339 0.463 0 0 0
0.326 0.431 0.484 0 0 0
0.26 0.371 0.526 0 0 0
0.315 0.366 0.395 0 0 0
0.314 0.408 2.309 0 0 0
0.274 0.429 0.705 0 0 0
0.287 0.362 0.483 0 0 0
0.316 0.404 0.553 0 0 0
0.342 0.38 0.515 0 0 0
0.313 0.453 0.616 0 0 0
0.358 0.375 0.481 0 0 0
0.257 0.389 0.422 0 0 0
0.298 0.422 0 0 0 0
0.232 0.361 0.406 0 0 0
0.243 0.314 0.413 2.205 0 0
0.262 0.345 0.498 0.528 0 0
0.236 0.27 0.686 0.864 3.852 11.3
0.302 0.565 0.814 2.223 4.255 6.71937178714437
0.224 0.116 0.827 2.557 4.208 9.3324405848467
0.288 0.814 1.69 3.949 6.609 10.6009859194356
0.404 0.735 1.699 3.002 5.311 9.29966457354925
0.385 0.984 2.013 3.485 6.565 10.3609424074121
0.292 0.785 1.533 3.137 5.323 8.34345348417303
0.277 0.677 2.057 4.099 5.576 6.47166497865557
0.234 0.556 1.867 3.803 6.456 9.80542363439188
0.334 0.796 1.493 3.375 4.048 8.0718805308791
0.311 0.742 1.772 3.128 3.826 4.64163205575758
0.321 0.756 1.616 3.157 3.983 5.7141235043028
# Landing mean weights
0.538 1.004 2.657 4.491 6.794 10.239336232581
0.496 0.863 2.377 4.528 6.447 9.25926831293355
0.581 0.965 2.304 4.512 7.274 10.9385061855732
0.579 0.994 2.442 4.169 7.027 10.9651797316901
0.59 1.035 2.404 3.153 6.803 10.8021609155644
0.64 0.973 2.223 4.094 5.341 8.7636143268865
0.544 0.921 2.133 3.852 5.715 7.66418933169249
0.626 0.961 2.041 4.001 6.131 9.122673985243
0.579 0.941 2.193 4.258 6.528 9.69429797287575
0.616 0.836 2.086 3.968 6.011 9.20581524168432
0.559 0.869 1.919 3.776 5.488 8.89503308857841
0.594 1.039 2.217 4.156 6.174 10.1179424314429
0.619 0.899 2.348 4.226 6.404 9.55453429282196
0.568 1.029 2.47 4.577 6.494 9.23619303667717
0.541 0.948 2.16 4.606 6.714 10.1726994807804
0.573 0.937 2.001 4.146 6.53 9.76065418273911
0.55 0.936 2.411 4.423 6.579 10.0903797654201
0.55 1.003 1.948 4.401 6.109 9.80852868233499
0.723 0.837 2.19 4.615 7.045 9.91911965637756
0.589 0.962 1.858 4.13 6.785 9.61992568095232
0.632 0.919 1.835 3.88 6.491 9.39452915246403
0.594 1.007 2.156 3.972 6.19 9.57681977466864
0.59 0.932 2.141 4.164 6.324 9.49488830608809
0.583 0.856 1.834 3.504 6.23 9.75063931473876
0.635 0.976 1.955 3.65 6.052 9.50248892129588
0.585 0.881 1.982 3.187 5.992 9.34791409178951
0.673 1.052 1.846 3.585 5.273 8.82080023583089
0.737 0.976 2.176 3.791 5.931 9.76942264901934
0.67 1.078 2.038 3.971 6.082 8.70889456554351
0.699 1.146 2.546 4.223 6.247 9.47568128519856
0.699 1.065 2.479 4.551 6.54 9.11822327227784
0.677 1.075 2.201 4.471 7.167 9.06924977760143
0.721 1.021 2.21 4.293 7.22 9.83572548838935
0.699 1.117 2.147 4.034 6.637 9.38710039251138
0.656 0.96 2.12 3.821 6.228 8.98765022461277
0.542 0.922 1.724 3.495 5.387 8.528255621709
0.64 0.935 1.663 3.305 5.726 8.07548925648918
0.611 1.021 1.747 3.216 4.903 8.36223434768782
0.725 1.004 2.303 3.663 5.871 8.53858329944173
0.626 0.996 1.844 3.735 5.537 8.50505571425528
0.573 1.079 1.895 3.347 5.757 8.3939653667462
0.726 1.072 2.089 3.252 5.184 8.04182807542151
0.747 1.16 1.952 3.647 5.244 7.77155618533939
0.793 1.2 2.239 3.894 5.676 8.26200898335659
0.83 1.182 2.365 4.05 6.053 8.91804716710873
1.067 1.389 2.456 4.063 6.224 8.41101255944093
0.788 1.412 2.674 4.145 6.119 8.32963970541243
0.715 1.292 2.671 4.223 6.049 8.90322253569934
0.862 1.328 2.525 4.596 6.481 8.16492915950597
0.938 1.369 2.354 4.175 6.391 8.68945601365587
0.883 1.24 2.461 4.164 6.187 8.97754059765653
0.699 1.213 2.39 4.18 5.678 7.95567495512633
0.594 1.198 2.29 4.111 5.935 7.45429119932182
# Proportion of F before spawning 
0 0 0 0 0 0
0 0 0 0 0 0
0 0 0 0 0 0
0 0 0 0 0 0
0 0 0 0 0 0
0 0 0 0 0 0
0 0 0 0 0 0
0 0 0 0 0 0
0 0 0 0 0 0
0 0 0 0 0 0
0 0 0 0 0 0
0 0 0 0 0 0
0 0 0 0 0 0
0 0 0 0 0 0
0 0 0 0 0 0
0 0 0 0 0 0
0 0 0 0 0 0
0 0 0 0 0 0
0 0 0 0 0 0
0 0 0 0 0 0
0 0 0 0 0 0
0 0 0 0 0 0
0 0 0 0 0 0
0 0 0 0 0 0
0 0 0 0 0 0
0 0 0 0 0 0
0 0 0 0 0 0
0 0 0 0 0 0
0 0 0 0 0 0
0 0 0 0 0 0
0 0 0 0 0 0
0 0 0 0 0 0
0 0 0 0 0 0
0 0 0 0 0 0
0 0 0 0 0 0
0 0 0 0 0 0
0 0 0 0 0 0
0 0 0 0 0 0
0 0 0 0 0 0
0 0 0 0 0 0
0 0 0 0 0 0
0 0 0 0 0 0
0 0 0 0 0 0
0 0 0 0 0 0
0 0 0 0 0 0
0 0 0 0 0 0
0 0 0 0 0 0
0 0 0 0 0 0
0 0 0 0 0 0
0 0 0 0 0 0
0 0 0 0 0 0
0 0 0 0 0 0
0 0 0 0 0 0
0 0 0 0 0 0
# Proportion of M before spawning 
0 0 0 0 0 0
0 0 0 0 0 0
0 0 0 0 0 0
0 0 0 0 0 0
0 0 0 0 0 0
0 0 0 0 0 0
0 0 0 0 0 0
0 0 0 0 0 0
0 0 0 0 0 0
0 0 0 0 0 0
0 0 0 0 0 0
0 0 0 0 0 0
0 0 0 0 0 0
0 0 0 0 0 0
0 0 0 0 0 0
0 0 0 0 0 0
0 0 0 0 0 0
0 0 0 0 0 0
0 0 0 0 0 0
0 0 0 0 0 0
0 0 0 0 0 0
0 0 0 0 0 0
0 0 0 0 0 0
0 0 0 0 0 0
0 0 0 0 0 0
0 0 0 0 0 0
0 0 0 0 0 0
0 0 0 0 0 0
0 0 0 0 0 0
0 0 0 0 0 0
0 0 0 0 0 0
0 0 0 0 0 0
0 0 0 0 0 0
0 0 0 0 0 0
0 0 0 0 0 0
0 0 0 0 0 0
0 0 0 0 0 0
0 0 0 0 0 0
0 0 0 0 0 0
0 0 0 0 0 0
0 0 0 0 0 0
0 0 0 0 0 0
0 0 0 0 0 0
0 0 0 0 0 0
0 0 0 0 0 0
0 0 0 0 0 0
0 0 0 0 0 0
0 0 0 0 0 0
0 0 0 0 0 0
0 0 0 0 0 0
0 0 0 0 0 0
0 0 0 0 0 0
0 0 0 0 0 0
0 0 0 0 0 0

